0 0.005936 0.804498 0.010622 0.091551
0 0.118667 0.657755 0.099740 0.185796
1 0.099059 0.598458 0.002997 0.011222
1 0.080443 0.599160 0.003312 0.010375
0 0.234876 0.811639 0.249685 0.199120
0 0.330978 0.751257 0.064747 0.125208
0 0.383005 0.694912 0.162896 0.149843
0 0.482516 0.779326 0.076109 0.149847
0 0.601336 0.803965 0.117911 0.186199
0 0.680626 0.653312 0.061570 0.220931
1 0.334655 0.733847 0.008331 0.017167
1 0.458909 0.773148 0.003635 0.013731
1 0.547969 0.769109 0.007271 0.017773
1 0.699846 0.566352 0.006135 0.012926
