0 0.584556 0.743412 0.178029 0.198713
0 0.534664 0.742694 0.129500 0.176926
0 0.554566 0.828715 0.138768 0.164792
0 0.643444 0.867586 0.207471 0.264829
0 0.834013 0.711664 0.085333 0.221495
0 0.975281 0.673861 0.049438 0.222463
0 0.136305 0.742831 0.122229 0.215681
1 0.167999 0.655993 0.007951 0.012921
1 0.496086 0.695187 0.007089 0.013569
1 0.530848 0.665380 0.008451 0.014056
1 0.506720 0.846648 0.008180 0.014056
1 0.712419 0.770553 0.008995 0.015023
1 0.818201 0.637752 0.006271 0.013088
1 0.972781 0.583470 0.006271 0.010181
