1 0.341292 0.628914 0.005906 0.012116
1 0.413085 0.653553 0.008633 0.014542
1 0.473973 0.707076 0.005909 0.010106
1 0.701164 0.597009 0.004089 0.009694
1 0.699574 0.700606 0.008633 0.012519
0 0.026836 0.802551 0.052937 0.127231
1 0.024678 0.769028 0.010451 0.014944
0 0.259902 0.815137 0.235008 0.160912
0 0.394310 0.706326 0.125953 0.203079
0 0.497228 0.776847 0.211836 0.293713
0 0.538940 0.766183 0.169849 0.183208
0 0.701020 0.668764 0.099784 0.187083
0 0.769177 0.752856 0.188115 0.145889
0 0.935345 0.630234 0.061888 0.181755
1 0.356173 0.795523 0.007951 0.015750
